Training RL model
Loading MuJoCo model: models/physics/genghis.xml into the simulation environment
Simulation environment initialised
Using split brain, control vector communicating policy
Training on cuda
Using PPO
200 trajectories
15 episodes per trajectory
10 epochs per training batch
Trajectory	Reward    
0         	1924.4916 
1         	1992.2249 
2         	1873.7888 
3         	1985.0369 
4         	1992.1823 
5         	2118.744  
6         	2197.5925 
7         	2158.797  
8         	2153.3296 
9         	2156.3953 
10        	2117.7585 
11        	2154.2273 
12        	2032.3638 
13        	2116.744  
14        	2175.0798 
15        	2214.8203 
16        	2360.1794 
17        	2243.3599 
18        	2201.151  
19        	2335.221  
20        	2373.481  
21        	2390.6436 
22        	2429.487  
23        	2219.1663 
24        	2418.0872 
25        	2253.0127 
26        	2333.7883 
27        	2348.8943 
28        	2357.408  
29        	2417.764  
30        	2484.7732 
31        	2180.8962 
32        	2366.2302 
33        	2381.974  
34        	2342.9753 
35        	2347.948  
36        	2374.9426 
37        	2405.1519 
38        	2377.9604 
39        	2348.619  
40        	2487.196  
41        	2464.7153 
42        	2275.7708 
43        	2368.358  
44        	2375.332  
45        	2433.2834 
46        	2478.2415 
47        	2338.579  
48        	2491.9387 
49        	2402.5725 
50        	2438.8079 
51        	2683.4414 
52        	2706.357  
53        	2699.8518 
54        	2534.2473 
55        	2654.2886 
56        	2527.6252 
57        	2639.6433 
58        	2607.3315 
59        	2570.6968 
60        	2801.1865 
61        	2596.9702 
62        	2596.1785 
63        	2618.5444 
64        	2510.0234 
65        	2728.135  
66        	2506.8684 
67        	2670.6384 
68        	2506.326  
69        	2394.8572 
70        	2503.4448 
71        	2742.036  
72        	2996.4604 
73        	2681.5898 
74        	2777.4443 
75        	2793.5823 
76        	2777.7942 
77        	2876.1812 
78        	2841.8064 
79        	2396.725  
80        	2603.702  
81        	2815.5557 
82        	2665.9353 
83        	2625.201  
84        	2997.6033 
85        	2734.279  
86        	2905.206  
87        	2816.3389 
88        	2749.4653 
89        	2474.4822 
90        	2673.8792 
91        	2930.933  
92        	2983.8025 
93        	2938.2964 
94        	2838.0735 
95        	2729.1497 
96        	2709.5708 
97        	2947.6377 
98        	2841.9216 
99        	2796.3413 
100       	2819.6519 
101       	2840.9077 
102       	3150.2808 
103       	2681.1897 
104       	2716.4822 
105       	3038.6194 
106       	2986.7788 
107       	2690.3318 
108       	3167.7188 
109       	3370.4763 
110       	3011.9448 
111       	2933.7373 
112       	3108.21   
113       	2950.224  
114       	3338.8857 
115       	3111.8977 
116       	3197.6748 
117       	3267.5305 
118       	3093.6277 
119       	3067.1926 
120       	3289.1357 
121       	3300.6287 
122       	2970.3818 
123       	3350.2595 
124       	3241.1404 
125       	3381.914  
126       	3291.074  
127       	3570.4568 
128       	3639.8318 
129       	3289.0378 
130       	3554.4985 
131       	3465.7932 
132       	3421.011  
133       	3350.073  
134       	3646.159  
135       	3654.7993 
136       	3899.2449 
137       	3376.9072 
138       	3900.7942 
139       	3472.2693 
140       	3829.7568 
141       	3969.5764 
142       	3898.9429 
143       	3697.2944 
144       	3646.6055 
145       	3848.5115 
146       	3714.3542 
147       	3998.2097 
148       	3885.3933 
149       	4192.685  
150       	4182.5244 
151       	3870.2783 
152       	3844.479  
153       	4030.3577 
154       	4119.631  
155       	4110.1035 
156       	4059.6304 
157       	4125.7095 
158       	4406.986  
159       	4169.562  
160       	3917.0007 
161       	4282.665  
162       	3998.8489 
163       	4515.642  
164       	4431.317  
165       	4472.703  
166       	4390.7207 
167       	4421.453  
168       	4365.794  
169       	4596.742  
170       	4620.494  
171       	4633.1553 
172       	4544.2065 
173       	4738.7036 
174       	4533.2373 
175       	4657.579  
176       	4590.7896 
177       	4568.249  
178       	4684.073  
179       	4751.516  
180       	4444.4775 
181       	4620.853  
182       	4916.4956 
183       	4800.1714 
184       	4726.4253 
185       	4350.79   
186       	4958.6123 
187       	4785.196  
188       	5155.17   
189       	4768.1616 
190       	5002.645  
191       	5202.385  
192       	4766.713  
193       	4793.548  
194       	4825.8794 
195       	4967.9863 
196       	4934.962  
197       	4749.5874 
198       	4843.234  
199       	4934.5503 
