Training RL model
Loading MuJoCo model: models/physics/genghis.xml into the simulation environment
Simulation environment initialised
Using split brain, control vector communicating policy
Training on cuda
Using PPO
200 trajectories
15 episodes per trajectory
10 epochs per training batch
Trajectory	Reward    
0         	2112.5676 
1         	2122.6123 
2         	2090.1633 
3         	2366.078  
4         	2151.9607 
5         	2295.108  
6         	2333.8801 
7         	2353.6008 
8         	2291.4    
9         	2397.4468 
10        	2133.8743 
11        	2313.2769 
12        	2384.026  
13        	2317.8755 
14        	2279.1245 
15        	2145.6917 
16        	2466.3508 
17        	2592.3901 
18        	2298.3079 
19        	2315.3347 
20        	2276.8372 
21        	2394.3313 
22        	2497.9312 
23        	2398.957  
24        	2552.124  
25        	2446.0022 
26        	2397.453  
27        	2518.6248 
28        	2532.6157 
29        	2469.7087 
30        	2656.6428 
31        	2558.413  
32        	2327.3433 
33        	2586.46   
34        	2438.9907 
35        	2474.1694 
36        	2751.4233 
37        	2519.0886 
38        	2718.0034 
39        	2518.64   
40        	2629.6362 
41        	2613.7297 
42        	2498.7593 
43        	2580.9072 
44        	2527.5408 
45        	2626.5774 
46        	2695.0469 
47        	2580.8079 
48        	2212.2375 
49        	2319.4482 
50        	2601.508  
51        	2719.805  
52        	2612.0798 
53        	2659.874  
54        	2686.2734 
55        	2685.991  
56        	2515.4656 
57        	2608.8423 
58        	2538.5469 
59        	2690.1814 
60        	2517.578  
61        	2706.9775 
62        	2847.251  
63        	2838.566  
64        	2616.1868 
65        	2616.0767 
66        	2944.2415 
67        	2982.6458 
68        	2751.8545 
69        	2974.0054 
70        	2670.4856 
71        	2849.1792 
72        	2366.2087 
73        	2479.4175 
74        	2819.9766 
75        	2653.0842 
76        	2780.8838 
77        	2458.1782 
78        	2770.253  
79        	2862.3625 
80        	3026.4255 
81        	2935.3071 
82        	2654.4778 
83        	2895.0786 
84        	2897.0984 
85        	3021.6116 
86        	2999.7712 
87        	2937.1868 
88        	2903.3586 
89        	3016.9185 
90        	3074.1697 
91        	3149.6877 
92        	3104.3074 
93        	2726.6248 
94        	3155.2585 
95        	3111.226  
96        	2572.6316 
97        	3047.57   
98        	3044.994  
99        	3201.5615 
100       	3149.447  
101       	3121.1921 
102       	3189.6106 
103       	2925.1477 
104       	2947.722  
105       	3114.846  
106       	3260.5627 
107       	2909.2917 
108       	3276.5623 
109       	3264.78   
110       	3275.2917 
111       	3155.5864 
112       	3351.5378 
113       	3167.9888 
114       	3356.7114 
115       	3339.3506 
116       	3452.0942 
117       	3034.509  
118       	3372.8867 
119       	3451.5225 
120       	3444.7705 
121       	3753.8508 
122       	3722.8567 
123       	3465.5532 
124       	3263.6277 
125       	3463.301  
126       	3515.275  
127       	3498.8408 
128       	3275.7075 
129       	3657.277  
130       	3733.8867 
131       	3649.9001 
132       	3535.6104 
133       	3714.0835 
134       	3798.47   
135       	3751.1077 
136       	3764.8994 
137       	3899.715  
138       	3615.3794 
139       	3837.7588 
140       	3606.7058 
141       	3842.668  
142       	4088.669  
143       	3839.1418 
144       	4101.1147 
145       	3760.6362 
146       	3993.9226 
147       	4032.7588 
148       	4095.1082 
149       	3838.6099 
150       	3987.3777 
151       	3617.2163 
152       	3655.2708 
153       	3957.823  
154       	3917.8806 
155       	4025.1174 
156       	4091.4487 
157       	3857.701  
158       	3909.1394 
159       	4323.953  
160       	3768.424  
161       	4098.6655 
162       	4118.598  
163       	4007.6904 
164       	4290.3774 
165       	4380.7075 
166       	3922.27   
167       	4303.8433 
168       	4323.349  
169       	4371.6357 
170       	4331.3267 
171       	4746.8613 
172       	4402.939  
173       	4447.637  
174       	4653.0327 
175       	4295.892  
176       	4424.5884 
177       	4573.528  
178       	4463.877  
179       	4425.1816 
180       	4511.411  
181       	4592.6455 
182       	4269.361  
183       	4510.8257 
184       	4250.101  
185       	4622.598  
186       	4768.5503 
187       	4841.069  
188       	4732.432  
189       	4345.4043 
190       	4621.3267 
191       	4632.5317 
192       	4652.7593 
193       	4759.5034 
194       	4571.3755 
195       	4704.4385 
196       	4984.1924 
197       	4676.282  
198       	4551.855  
199       	4426.495  
