Training RL model
Loading MuJoCo model: models/physics/genghis.xml into the simulation environment
Simulation environment initialised
Using split brain, control vector communicating policy
Training on cuda
Using PPO
200 trajectories
15 episodes per trajectory
10 epochs per training batch
Trajectory	Reward    
0         	1518.911  
1         	1759.5536 
2         	1757.7582 
3         	1619.7462 
4         	1699.3524 
5         	1945.9824 
6         	2102.4834 
7         	1983.5161 
8         	2231.9211 
9         	2078.2727 
10        	2022.0879 
11        	2163.9932 
12        	2084.9329 
13        	2092.8352 
14        	2266.1633 
15        	2225.5547 
16        	2131.059  
17        	2255.4934 
18        	2024.188  
19        	2293.004  
20        	2290.966  
21        	2224.0042 
22        	2193.755  
23        	2150.106  
24        	2199.4758 
25        	2281.1658 
26        	2292.2346 
27        	2120.0652 
28        	2301.2651 
29        	2326.6445 
30        	2211.5051 
31        	2297.6926 
32        	2246.8433 
33        	2526.4094 
34        	2521.8303 
35        	2577.0464 
36        	2327.8274 
37        	2561.3408 
38        	2472.3064 
39        	2134.4358 
40        	2207.239  
41        	2354.2778 
42        	2404.3286 
43        	2252.22   
44        	2509.8364 
45        	2701.4995 
46        	2450.4937 
47        	2275.474  
48        	2319.1055 
49        	2298.3674 
50        	2434.657  
51        	2361.6577 
52        	2490.028  
53        	2501.6519 
54        	2633.5444 
55        	2501.9548 
56        	2525.6223 
57        	2612.0146 
58        	2699.2898 
59        	2657.268  
60        	2486.1145 
61        	2606.2302 
62        	2603.6147 
63        	2447.4165 
64        	2418.3372 
65        	2536.2698 
66        	2688.1829 
67        	2616.8997 
68        	2551.6553 
69        	2539.2146 
70        	2385.9067 
71        	2379.4343 
72        	2605.5754 
73        	2443.9985 
74        	2656.4375 
75        	2698.8489 
76        	2598.367  
77        	2731.484  
78        	2731.3389 
79        	2673.1318 
80        	2602.2947 
81        	2566.6133 
82        	2778.9246 
83        	2711.6785 
84        	2650.3823 
85        	2932.0757 
86        	2702.1633 
87        	2857.0203 
88        	2828.651  
89        	2848.539  
90        	2876.024  
91        	2498.2915 
92        	2856.6377 
93        	2460.0942 
94        	2750.2434 
95        	2838.197  
96        	2848.9429 
97        	2831.077  
98        	2897.508  
99        	3129.505  
100       	2970.9624 
101       	2767.1956 
102       	2991.5125 
103       	2871.6052 
104       	2777.4119 
105       	2745.5208 
106       	2950.669  
107       	3175.57   
108       	2655.516  
109       	2871.314  
110       	2916.2583 
111       	2841.1753 
112       	3166.446  
113       	2976.1885 
114       	2985.3442 
115       	2933.4229 
116       	3034.3186 
117       	3043.7898 
118       	2942.02   
119       	3053.2173 
120       	3335.7646 
121       	3313.53   
122       	3168.206  
123       	2963.3384 
124       	3119.1995 
125       	2944.361  
126       	2948.8425 
127       	3214.738  
128       	3322.3523 
129       	3041.2996 
130       	3380.4807 
131       	3295.5906 
132       	3347.0713 
133       	3125.5728 
134       	3227.0557 
135       	3345.9866 
136       	3403.6494 
137       	3454.661  
138       	3485.363  
139       	3420.3147 
140       	3647.356  
141       	3253.1257 
142       	3444.2393 
143       	3426.6626 
144       	3546.399  
145       	3612.4348 
146       	3356.4348 
147       	3497.4556 
148       	3612.186  
149       	3513.0398 
150       	3682.0427 
151       	3506.3303 
152       	3672.853  
153       	3494.5925 
154       	3645.159  
155       	3689.5554 
156       	3557.915  
157       	3887.0327 
158       	3756.2869 
159       	3717.1016 
160       	3864.6423 
161       	3845.3484 
162       	3930.6765 
163       	3877.9475 
164       	3872.9292 
165       	3925.1807 
166       	3715.9937 
167       	3793.9766 
168       	3812.4126 
169       	4073.102  
170       	4060.858  
171       	3941.1826 
172       	4140.0894 
173       	3655.0767 
174       	3952.4126 
175       	4045.0393 
176       	4039.7566 
177       	4193.269  
178       	3720.456
