Training RL model                                                               
Loading MuJoCo model: models/physics/genghis.xml into the simulation environment
Simulation environment initialised                                              
Using split brain, control vector communicating policy                          
Training on cuda                                                                
Using PPO                                                                       
200 trajectories
15 episodes per trajectory                                                      
10 epochs per training batch                                                    
Trajectory      Reward                                                          
0               1543.1517
1               1236.1105
2               1377.603 
3               1336.9507
4               1520.8755
5               1738.0377
6               1537.7424
7               1635.1477
8               1821.1456
9               1920.6583
10              1905.4987
11              1825.8411
12              1961.7125
13              1869.1836
14              2134.579 
15              2063.8252
16              2378.7239
17              2077.9631
18              2217.8572
19              2053.1006
20              2229.4885
21              2299.3533
22              2217.2476
23              2504.5613
24              2318.9912
25              2113.939
26              2206.786 
27              2241.5508
28              2393.5613
29              2190.404 
30              2131.0488
31              2028.1947
32              2410.5352
33              2162.1213
34              2172.8599
35              2126.3008
36              2092.9692
37              2061.143 
38              2198.0603
39              2286.315 
40              2483.6707
41              2082.955 
42              2188.8796
43              2394.092 
44              2392.3694
45              2432.3877
46              2317.6638
47              2435.026 
48              2295.2305
49              2248.359 
50              2215.0144
51              2352.5427
52              2408.339 
53              2122.195 
54              2184.3367
55              2338.5774
56              2543.0964
57              2462.7852
58              2447.688 
59              2350.5781
60              2448.0222
61              2401.8938
62              2393.5986
63              2240.4639
64              2653.4287
65              2427.2595
66              2339.7358
67              2658.9656
68              2319.4175
69              2677.72  
70              2367.9302
71              2590.8433
72              2385.4236
73              2768.1648
74              2446.5095
75              2569.3062
76              2599.0417
77              2594.7114
78              2709.183 
79              2718.3547
80              2379.6365
81              2332.2456
82              2662.035
83              2488.5208
84              2530.4517
85              2484.6394
86              2732.2573
87              2342.0146
88              2416.0938
89              2391.4377
90              2423.167 
91              2604.9497
92              2569.1638
93              2581.9216
94              2801.7297
95              2781.063 
96              2692.9758
97              2417.404 
98              2548.0835
99              2610.9365
100             2830.2488
101             2693.9937
102             2661.8162
103             2964.5676
104             2758.6167
105             2699.5898
106             2679.5676
107             2523.156 
108             2810.8142
109             2707.1628
110             2671.8467
111             2491.3408
112             2751.9187
113             2732.1252
114             2830.7163
115             2822.8677
116             2581.547 
117             2616.7336
118             2604.4849
119             2610.5107
120             2889.7803
121             2726.1301
122             2721.742 
123             2349.04  
124             2805.987 
125             2717.0508
126             2682.9373
127             2542.107 
128             2733.734 
129             2826.3035
130             2828.893 
131             3077.1265
132             2837.6245
133             2846.564 
134             2876.2888
135             2975.5564
136             2801.4553
137             3142.9756
138             2661.1292
139             2750.141
140             3048.222 
141             2869.5742
142             2942.6765
143             3008.0283 
144             2959.7117 
145             2988.8923 
146             2919.5398 
147             2985.5574 
148             3038.2102 
149             2772.9617 
150             2661.499  
151             2960.1812 
152             3141.8928 
153             3222.6208 
154             3158.3826 
155             3215.0776 
156             3227.4973 
157             3032.2146 
158             3049.1409 
159             3128.435  
160             3175.5042 
161             3363.0896 
162             3111.2664 
163             3372.8098 
164             3443.0532              
165             3243.6912              
166             3220.332  
167             3188.3032              
168             3371.4346              
169             2989.9329 
170             3164.017  
171             3285.3958              
172             3388.5618              
173             3324.5686 
174             3313.3838              
175             3166.8987              
176             3299.5825              
177             3567.4531              
178             3487.0657              
179             3476.4126              
180             3380.7886              
181             3432.0437              
182             3433.7788              
183             3577.7996              
184             3633.4712              
185             3574.5256              
186             3603.2563              
187             3889.02                
188             3789.3381              
189             3519.3162              
190             3767.8079              
191             3427.0898              
192             3568.8528              
193             3689.4766              
194             3425.858               
195             3792.315               
196             3576.4612              
197             3770.475               
198             3919.497               
199             3974.8547 
