Training RL model
Loading MuJoCo model: models/physics/genghis.xml into the simulation environment
Simulation environment initialised
Using split brain, control vector communicating policy
Training on cuda
Using PPO
200 trajectories
15 episodes per trajectory
10 epochs per training batch
Trajectory	Reward    
0         	1837.3053 
1         	1878.7394 
2         	2215.874  
3         	1925.0369 
4         	2166.0286 
5         	2029.3674 
6         	2214.7625 
7         	1988.408  
8         	1945.4761 
9         	2111.7183 
10        	2062.3572 
11        	2191.726  
12        	2018.6602 
13        	2206.9783 
14        	2218.0413 
15        	2142.0225 
16        	2299.4614 
17        	2128.8252 
18        	2129.4604 
19        	2222.0894 
20        	2133.6333 
21        	2264.922  
22        	2173.597  
23        	2330.5713 
24        	2192.3625 
25        	2353.2236 
26        	2305.1208 
27        	2154.0352 
28        	2318.1475 
29        	2205.9458 
30        	2293.436  
31        	2328.799  
32        	2326.8452 
33        	2411.3792 
34        	2420.6763 
35        	2476.01   
36        	2245.9314 
37        	2346.1475 
38        	2425.5906 
39        	2489.0925 
40        	2355.1328 
41        	2463.6443 
42        	2505.8176 
43        	2373.3206 
44        	2038.4451 
45        	2522.7996 
46        	2285.1733 
47        	2354.6653 
48        	2050.321  
49        	2344.746  
50        	2231.9102 
51        	2504.0647 
52        	2452.7302 
53        	2492.8152 
54        	2625.5757 
55        	2327.8247 
56        	2233.6248 
57        	2472.923  
58        	2736.9624 
59        	2514.0078 
60        	2375.9558 
61        	2459.3186 
62        	2252.1042 
63        	2566.2417 
64        	2755.2996 
65        	2386.8337 
66        	2684.4756 
67        	2541.333  
68        	2799.9275 
69        	2656.2036 
70        	2359.2717 
71        	2567.6377 
72        	2329.6921 
73        	2645.7173 
74        	2764.5974 
75        	2493.5369 
76        	2501.587  
77        	2450.6    
78        	2527.129  
79        	2632.8032 
80        	2554.3547 
81        	2664.4478 
82        	2428.6602 
83        	2418.692  
84        	2689.422  
85        	2639.8296 
86        	2594.8875 
87        	2663.5508 
88        	2551.2927 
89        	2458.9204 
90        	2638.985  
91        	2683.619  
92        	2681.4458 
93        	2723.0437 
94        	2739.6997 
95        	2702.4492 
96        	2729.8777 
97        	2747.1067 
98        	2485.9    
99        	2503.6235 
100       	2558.5781 
101       	2606.846  
102       	2743.6213 
103       	2640.6672 
104       	2838.973  
105       	2573.2952 
106       	2891.0698 
107       	2475.8618 
108       	2516.1697 
109       	2780.7686 
110       	2764.0159 
111       	2909.521  
112       	2775.754  
113       	2864.4456 
114       	2961.4797 
115       	2580.0256 
116       	3190.5635 
117       	2854.9841 
118       	2864.1575 
119       	3143.7488 
120       	2758.3484 
121       	2959.1094 
122       	2842.3286 
123       	2852.0627 
124       	2744.429  
125       	3017.805  
126       	2918.2322 
127       	3258.5525 
128       	2897.722  
129       	2797.85   
130       	2823.8472 
131       	3154.5916 
132       	3151.9546 
133       	3066.0615 
134       	3027.3555 
135       	3094.7058 
136       	3027.1562 
137       	3215.6106 
138       	3060.217  
139       	2893.005  
140       	2976.4526 
141       	3074.1936 
142       	3098.3413 
143       	3021.7446 
144       	3049.1514 
145       	3294.4673 
146       	3133.415  
147       	3239.0986 
148       	3254.0225 
149       	3094.8564 
150       	3349.7551 
151       	3419.6536 
152       	3390.0273 
153       	3463.7214 
154       	3394.3755 
155       	3214.1614 
156       	3180.322  
157       	3168.2998 
158       	3243.8782 
159       	3218.3945 
160       	3400.7427 
161       	3047.661  
162       	3291.919  
163       	3135.0188 
164       	3322.1572 
165       	3415.1145 
166       	3444.9453 
167       	3524.8213 
168       	3142.6362 
169       	3561.474  
170       	3376.483  
171       	3358.8452 
172       	3363.489  
173       	3192.826  
174       	3456.8108 
175       	3506.1301 
176       	3444.3743 
177       	3370.2004 
178       	3309.47   
179       	3426.8816 
180       	3665.8918 
181       	3562.4788 
182       	3508.7969 
183       	3389.4421 
184       	3570.449  
185       	3694.438  
186       	3575.8232 
187       	3690.8362 
188       	3775.734  
189       	3678.8743 
190       	3592.7927 
191       	3651.628  
192       	3856.5469 
193       	3752.7075 
194       	3878.4272 
195       	3773.0417 
196       	3766.4177 
197       	3408.9343 
198       	3720.738  
199       	4024.8684 
