Training RL model
Loading MuJoCo model: models/physics/genghis.xml into the simulation environment
Simulation environment initialised
Using split brain, encoded communication policy
with a 3 dimensional high-level feature encoding
Training on cuda
Using PPO
200 trajectories
15 episodes per trajectory
10 epochs per training batch
Trajectory	Reward    
0         	1403.9445 
1         	1616.1501 
2         	1794.0178 
3         	1601.9937 
4         	1633.3881 
5         	1665.7152 
6         	1975.7776 
7         	2252.6199 
8         	2136.8557 
9         	2267.872  
10        	2146.762  
11        	1988.6699 
12        	2093.5032 
13        	2257.3127 
14        	2130.9963 
15        	2075.2148 
16        	2225.7437 
17        	2343.106  
18        	2248.04   
19        	2056.3967 
20        	2207.234  
21        	2408.1245 
22        	2030.714  
23        	2102.078  
24        	2138.6006 
25        	2412.7292 
26        	2114.679  
27        	2217.524  
28        	2230.7046 
29        	2136.5454 
30        	2312.6382 
31        	2286.8572 
32        	2250.757  
33        	2181.8335 
34        	2227.0054 
35        	2449.9219 
36        	2542.69   
37        	2277.6665 
38        	2366.8408 
39        	2222.1357 
40        	2349.802  
41        	2441.5608 
42        	2305.1982 
43        	2330.8503 
44        	2338.5046 
45        	2223.2275 
46        	2571.9495 
47        	2218.5603 
48        	2312.5662 
49        	2332.875  
50        	2378.5715 
51        	2678.5874 
52        	2293.1724 
53        	2449.4753 
54        	2390.2659 
55        	2342.9636 
56        	2523.5657 
57        	2591.5806 
58        	2436.098  
59        	2489.7698 
60        	2595.337  
61        	2377.977  
62        	2544.0474 
63        	2437.165  
64        	2399.1965 
65        	2681.1553 
66        	2745.2458 
67        	2577.65   
68        	2571.286  
69        	2536.3645 
70        	2279.9192 
71        	2533.8386 
72        	2470.0095 
73        	2523.8716 
74        	2502.6204 
75        	2766.9626 
76        	2561.7327 
77        	2517.3384 
78        	2612.176  
79        	2637.4124 
80        	2228.856  
81        	2476.9036 
82        	2634.945  
83        	2727.6997 
84        	2790.9307 
85        	2900.9343 
86        	2542.7854 
87        	2717.0393 
88        	2444.1982 
89        	2372.0903 
90        	2455.6228 
91        	2755.0107 
92        	2705.5383 
93        	2585.45   
94        	2694.47   
95        	2716.9167 
96        	2715.2764 
97        	2524.5205 
98        	2785.523  
99        	2836.6968 
100       	2973.663  
101       	2809.332  
102       	2660.0642 
103       	2559.1885 
104       	2894.2346 
105       	2596.841  
106       	2756.5369 
107       	2924.3296 
108       	2864.4856 
109       	2792.936  
110       	2920.2986 
111       	2764.632  
112       	2970.6987 
113       	3043.3828 
114       	2862.6128 
115       	2990.5544 
116       	2823.8835 
117       	2946.068  
118       	2826.7368 
119       	2851.4783 
120       	2897.9448 
121       	2850.7666 
122       	3027.8408 
123       	3150.2148 
124       	2936.3218 
125       	2912.2195 
126       	3032.7266 
127       	2909.809  
128       	2904.3518 
129       	3039.6045 
130       	3108.3894 
131       	2987.995  
132       	2825.5967 
133       	3025.4856 
134       	3211.7847 
135       	3055.7458 
136       	3053.2913 
137       	3098.0676 
138       	3050.3838 
139       	3022.1802 
140       	3274.6438 
141       	3216.285  
142       	3124.93   
143       	3046.0537 
144       	3167.7537 
145       	3004.8276 
146       	3230.6953 
147       	3172.5708 
148       	3384.0825 
149       	3268.7864 
150       	3230.4888 
151       	3087.82   
152       	3260.063  
153       	3275.0505 
154       	3318.3284 
155       	3158.0837 
156       	3498.099  
157       	3193.9265 
158       	3238.4834 
159       	3010.1345 
160       	3417.9243 
161       	3383.695  
162       	3383.0225 
163       	3186.531  
164       	3377.5205 
165       	3268.8784 
166       	3512.5198 
167       	3212.0076 
168       	3431.5557 
169       	3514.4216 
170       	3393.6223 
171       	3453.4026 
172       	3134.7139 
173       	3482.4353 
174       	3541.0388 
175       	3403.7917 
176       	3540.1997 
177       	3276.5647 
178       	3386.1067 
179       	3718.2844 
180       	3487.3115 
181       	3367.2373 
182       	3419.168  
183       	3523.6577 
184       	3986.829  
185       	3811.0444 
186       	3533.5576 
187       	3518.0764 
188       	3505.2595 
189       	3490.941  
190       	3646.8064 
191       	3523.5835 
192       	3747.4814 
193       	3775.6218 
194       	3692.3547 
195       	3818.6885 
196       	3712.7668 
197       	3617.7473 
198       	4019.117  
199       	3771.7969 
