Training RL model
Loading MuJoCo model: models/physics/genghis.xml into the simulation environment
Simulation environment initialised
Using split brain, encoded communication policy
with a 3 dimensional high-level feature encoding
Training on cuda
Using PPO
200 trajectories
15 episodes per trajectory
10 epochs per training batch
Trajectory	Reward    
0         	2087.5278 
1         	2257.324  
2         	2252.2625 
3         	2053.6038 
4         	1966.3851 
5         	2230.676  
6         	2062.5884 
7         	2249.9795 
8         	2161.4446 
9         	2117.2761 
10        	2222.4377 
11        	2135.484  
12        	2004.303  
13        	2197.2646 
14        	1958.9705 
15        	2290.16   
16        	2236.9705 
17        	2078.1812 
18        	2192.4565 
19        	2237.6147 
20        	2284.2502 
21        	2170.111  
22        	2297.602  
23        	2173.3137 
24        	2203.8337 
25        	2534.972  
26        	2109.5889 
27        	2189.3599 
28        	2466.9536 
29        	2532.1694 
30        	2260.0354 
31        	2388.9163 
32        	2414.4875 
33        	2403.0413 
34        	2450.1064 
35        	2350.1821 
36        	2213.4573 
37        	2360.3936 
38        	2492.212  
39        	2413.1487 
40        	2391.7993 
41        	2386.9368 
42        	2405.9768 
43        	2331.1038 
44        	2477.5151 
45        	2383.4163 
46        	2388.0088 
47        	2201.0806 
48        	2349.3079 
49        	2275.6047 
50        	2378.7468 
51        	2290.896  
52        	2431.9094 
53        	2468.538  
54        	2410.6519 
55        	2460.076  
56        	2456.23   
57        	2492.5823 
58        	2532.5469 
59        	2497.215  
60        	2384.5132 
61        	2355.9485 
62        	2278.5603 
63        	2529.9802 
64        	2411.0173 
65        	2433.1624 
66        	2696.8584 
67        	2339.849  
68        	2284.319  
69        	2512.7654 
70        	2552.3484 
71        	2409.9553 
72        	2380.634  
73        	2398.4504 
74        	2480.2498 
75        	2432.6096 
76        	2644.2822 
77        	2727.1091 
78        	2607.8127 
79        	2598.7417 
80        	2635.4812 
81        	2742.5706 
82        	2485.0952 
83        	2208.38   
84        	2456.6333 
85        	2749.1995 
86        	2877.8062 
87        	2491.844  
88        	2451.046  
89        	2621.1025 
90        	2312.1294 
91        	2763.1519 
92        	2731.546  
93        	2371.976  
94        	2401.2556 
95        	2746.4385 
96        	2671.0837 
97        	2404.0007 
98        	2374.2935 
99        	2489.5886 
100       	2509.5942 
101       	2647.7666 
102       	2633.576  
103       	2718.4033 
104       	2867.79   
105       	2534.099  
106       	2771.6763 
107       	2799.3486 
108       	2587.271  
109       	2824.956  
110       	2631.6448 
111       	2763.4404 
112       	2861.3555 
113       	2869.292  
114       	2837.506  
115       	2911.183  
116       	2919.525  
117       	2875.6226 
118       	2793.9204 
119       	3030.8796 
120       	2707.637  
121       	3018.782  
122       	2995.5164 
123       	2902.9465 
124       	2669.328  
125       	2916.333  
126       	2750.1604 
127       	2906.486  
128       	2906.1538 
129       	2839.0806 
130       	2959.1846 
131       	3072.8948 
132       	2956.2104 
133       	2996.9749 
134       	3008.5024 
135       	3133.5244 
136       	3061.0415 
137       	3225.1025 
138       	3018.4314 
139       	3090.0469 
140       	3238.193  
141       	3221.1123 
142       	3123.3042 
143       	2988.3044 
144       	3289.2874 
145       	3118.4756 
146       	3059.1433 
147       	3249.1782 
148       	3218.534  
149       	3298.029  
150       	3093.8    
151       	3157.3608 
152       	3396.1133 
153       	3104.6794 
154       	3153.4368 
155       	3110.147  
156       	3307.6238 
157       	3339.8198 
158       	3369.792  
159       	3374.1216 
160       	3387.119  
161       	3326.4282 
162       	3489.9634 
163       	3534.1216 
164       	3367.8936 
165       	3568.5642 
166       	3686.5364 
167       	3371.0012 
168       	3635.348  
169       	3444.9727 
170       	3534.3093 
171       	3416.1265 
172       	3743.6577 
173       	3663.2483 
174       	3656.7078 
175       	3664.3752 
176       	3813.342  
177       	3530.818  
178       	3825.1177 
179       	3648.1907 
180       	3597.9346 
181       	3741.7512 
182       	3525.3035 
183       	3611.1946 
184       	3815.3547 
185       	3775.0837 
186       	3482.1953 
187       	3912.2163 
188       	3837.7866 
189       	3748.418  
190       	3683.0386 
191       	3865.182  
192       	3585.5571 
193       	3965.6216 
194       	3807.701  
195       	3887.391  
196       	4220.5117 
197       	3763.1838 
198       	4115.929  
199       	3797.3745
