Training RL model
Loading MuJoCo model: models/physics/genghis.xml into the simulation environment
Simulation environment initialised
Using split brain, encoded communication policy
with a 3 dimensional high-level feature encoding
Training on cuda
Using PPO
200 trajectories
15 episodes per trajectory
10 epochs per training batch
Trajectory	Reward    
0         	2096.1218 
1         	1903.1646 
2         	1888.272  
3         	2099.6826 
4         	1914.0033 
5         	1747.9303 
6         	2051.0894 
7         	1955.0414 
8         	1980.7211 
9         	2056.339  
10        	2188.615  
11        	2078.0024 
12        	1853.2931 
13        	1829.9689 
14        	2175.071  
15        	2068.746  
16        	2028.0663 
17        	2198.5925 
18        	2121.2102 
19        	2051.497  
20        	2264.5361 
21        	2255.948  
22        	2269.0093 
23        	2328.5903 
24        	2146.4055 
25        	2110.9866 
26        	1977.8986 
27        	2178.1165 
28        	2257.762  
29        	2217.2979 
30        	2331.797  
31        	2437.3528 
32        	2392.4744 
33        	2294.8196 
34        	2665.608  
35        	2218.7007 
36        	2340.3906 
37        	2390.06   
38        	2295.2512 
39        	2342.9626 
40        	2353.7212 
41        	2156.9424 
42        	2290.3047 
43        	2365.8767 
44        	2468.7075 
45        	2296.5193 
46        	2288.249  
47        	2482.2852 
48        	2319.5203 
49        	2347.0088 
50        	2305.264  
51        	2263.869  
52        	2289.181  
53        	2270.7434 
54        	2350.3706 
55        	2422.5354 
56        	2196.6375 
57        	2350.853  
58        	2630.0862 
59        	2477.3147 
60        	2687.9478 
61        	2256.2566 
62        	2530.7615 
63        	2676.9219 
64        	2457.7473 
65        	2536.2664 
66        	2460.4797 
67        	2465.2932 
68        	2697.598  
69        	2539.4429 
70        	2391.0164 
71        	2563.566  
72        	2601.2021 
73        	2595.9404 
74        	2538.8923 
75        	2752.866  
76        	2477.8748 
77        	2515.8154 
78        	2360.4856 
79        	2624.2654 
80        	2451.5574 
81        	2661.1704 
82        	2716.755  
83        	2666.55   
84        	2696.947  
85        	2722.465  
86        	2581.9094 
87        	2646.7576 
88        	2838.6401 
89        	2694.723  
90        	2674.0498 
91        	2840.9634 
92        	2863.8167 
93        	2747.9653 
94        	2740.044  
95        	2823.404  
96        	2606.1985 
97        	2721.0508 
98        	2736.477  
99        	2436.3933 
100       	2539.3909 
101       	2622.336  
102       	2745.1555 
103       	2713.696  
104       	2753.3098 
105       	2656.783  
106       	2798.99   
107       	2919.473  
108       	2802.5183 
109       	2644.372  
110       	3044.8628 
111       	2882.9229 
112       	2864.2922 
113       	2807.6511 
114       	2722.9595 
115       	2770.443  
116       	2615.4348 
117       	2751.4602 
118       	3010.275  
119       	2941.643  
120       	2819.5337 
121       	2954.676  
122       	2880.3865 
123       	3017.9397 
124       	3001.9604 
125       	2909.5503 
126       	2889.4182 
127       	3158.4749 
128       	2827.0667 
129       	2859.8462 
130       	3197.948  
131       	2996.269  
132       	2706.4485 
133       	2924.8123 
134       	2965.697  
135       	2780.3865 
136       	3184.6492 
137       	2808.7986 
138       	2854.2449 
139       	3033.5317 
140       	2921.8042 
141       	3075.278  
142       	3141.1538 
143       	3131.1443 
144       	2884.4907 
145       	3080.9822 
146       	3203.8381 
147       	2972.1135 
148       	3082.883  
149       	3437.4893 
150       	3229.2842 
151       	3067.3025 
152       	3236.4678 
153       	3181.7937 
