Training RL model
Loading MuJoCo model: models/physics/genghis.xml into the simulation environment
Simulation environment initialised
Using split brain, encoded communication policy
with a 3 dimensional high-level feature encoding
Training on cuda
Using PPO
200 trajectories
15 episodes per trajectory
10 epochs per training batch
Trajectory	Reward    
0         	1657.3649 
1         	1546.5724 
2         	1464.2915 
3         	1640.7874 
4         	1744.8475 
5         	1695.9813 
6         	1828.453  
7         	1924.0857 
8         	1897.8579 
9         	2143.7683 
10        	2322.1436 
11        	2219.2937 
12        	2072.1501 
13        	2157.4238 
14        	1969.2389 
15        	2284.6838 
16        	2264.698  
17        	2300.389  
18        	2196.948  
19        	2205.5825 
20        	2040.5647 
21        	2239.2634 
22        	2187.8237 
23        	2154.3704 
24        	2287.6072 
25        	2320.3782 
26        	2382.1033 
27        	2135.4316 
28        	2609.4966 
29        	2262.234  
30        	2428.4175 
31        	2267.6526 
32        	2398.0212 
33        	2380.5044 
34        	2436.2273 
35        	2286.9492 
36        	2431.128  
37        	2614.9126 
38        	2471.3984 
39        	2434.5178 
40        	2460.324  
41        	2252.5908 
42        	2484.342  
43        	2078.6448 
44        	2562.7656 
45        	2490.821  
46        	2378.4163 
47        	2186.3767 
48        	2419.7932 
49        	2600.4563 
50        	2396.3796 
51        	2332.9177 
52        	2552.0022 
53        	2396.948  
54        	2506.9192 
55        	2479.5054 
56        	2513.876  
57        	2495.7686 
58        	2518.6145 
59        	2509.307  
60        	2445.737  
61        	2792.5056 
62        	2414.7905 
63        	2811.0786 
64        	2405.719  
65        	2108.7224 
66        	2643.954  
67        	2569.1792 
68        	2217.2083 
69        	2520.863  
70        	2827.6987 
71        	2378.499  
72        	2593.9424 
73        	2466.9773 
74        	2883.443  
75        	2647.051  
76        	2527.1755 
77        	2546.9543 
78        	2561.3914 
79        	2571.4448 
80        	2813.9795 
81        	2482.7476 
82        	2582.986  
83        	2523.6858 
84        	2689.8862 
85        	2698.0745 
86        	2680.4626 
87        	2762.885  
88        	2628.0151 
89        	2795.2373 
90        	2568.432  
91        	2845.7666 
92        	2519.8765 
93        	2699.4185 
94        	2770.0037 
95        	2832.0027 
96        	2614.8765 
97        	2859.7522 
98        	2845.0796 
99        	2840.4197 
100       	2912.6208 
101       	2613.312  
102       	2669.781  
103       	2735.396  
104       	2760.0706 
105       	2790.4646 
106       	2827.2734 
107       	2887.9229 
108       	2613.5417 
109       	3106.6775 
110       	2874.95   
111       	2812.6697 
112       	3117.359  
113       	2763.3408 
114       	3112.5503 
115       	2859.5002 
116       	2871.2668 
117       	3197.104  
118       	3012.8892 
119       	3016.1514 
120       	3035.936  
121       	2935.1804 
122       	3046.505  
123       	3215.0276 
124       	3008.5288 
125       	3142.8438 
126       	2967.1265 
127       	3044.3757 
128       	3320.6238 
129       	3038.0786 
130       	3244.5305 
131       	3026.128  
132       	3155.5154 
133       	3264.2102 
134       	2980.0315 
135       	3243.3398 
136       	2995.778  
137       	3158.5867 
138       	3359.3228 
139       	3222.3333 
140       	3412.6655 
141       	3334.6917 
142       	3593.5586 
143       	3192.5303 
144       	3428.522  
145       	3218.3625 
146       	3480.1936 
147       	3322.118  
148       	3264.5835 
149       	3560.4136 
150       	3540.0151 
151       	3523.5708 
152       	3451.6658 
153       	3553.2595 
154       	3257.7083 
155       	3506.2307 
156       	3372.0286 
157       	2973.4526 
158       	3408.2668 
159       	3139.3738 
160       	3887.844  
161       	3503.3682 
162       	3450.781  
163       	3641.5588 
164       	3547.6787 
165       	3333.8289 
166       	3735.5498 
167       	3498.6904 
168       	3519.9617 
169       	3788.9065 
170       	3400.2563 
171       	3990.9548 
172       	3748.1992 
173       	3890.3071 
174       	3906.7915 
175       	3571.3604 
176       	3728.6162 
177       	3739.113  
178       	3982.1938 
179       	3737.4236 
180       	4005.978  
181       	3508.339  
182       	4017.0283 
183       	3357.523  
184       	3778.159  
185       	3786.359  
186       	3710.3403 
187       	3843.1606 
188       	3684.5708 
189       	3719.643  
190       	4048.8357 
191       	3818.3733 
192       	3648.8801 
193       	3611.462  
194       	3937.7185 
195       	3837.212  
196       	3935.8962 
197       	4312.397  
198       	4211.025  
199       	4494.8228 
