Training RL model
Loading MuJoCo model: models/physics/genghis.xml into the simulation environment
Simulation environment initialised
Using split brain, encoded communication policy
with a 3 dimensional high-level feature encoding
Training on cuda
Using PPO
200 trajectories
15 episodes per trajectory
10 epochs per training batch
Trajectory	Reward    
0         	1924.7935 
1         	2235.3015 
2         	2116.5483 
3         	2003.444  
4         	2198.7603 
5         	2105.0984 
6         	1989.8806 
7         	2236.1824 
8         	2203.6746 
9         	2164.6482 
10        	2218.0889 
11        	2067.1504 
12        	2219.025  
13        	2313.0972 
14        	2317.073  
15        	2357.631  
16        	2282.4094 
17        	2391.2935 
18        	2307.0962 
19        	2351.2922 
20        	2363.7495 
21        	2462.4766 
22        	2213.3494 
23        	2473.815  
24        	2363.163  
25        	2362.3203 
26        	2228.4585 
27        	2557.5657 
28        	2363.7366 
29        	2305.0896 
30        	2470.0105 
31        	2468.1135 
32        	2195.919  
33        	2419.0884 
34        	2356.5881 
35        	2445.3528 
36        	2413.4182 
37        	2529.3057 
38        	2378.5493 
39        	2251.4229 
40        	2289.7583 
41        	2524.1155 
42        	2128.7542 
43        	2276.078  
44        	2544.275  
45        	2453.5427 
46        	2460.1147 
47        	2302.938  
48        	2411.4263 
49        	2527.2888 
50        	2593.4436 
51        	2483.563  
52        	2543.2607 
53        	2556.3252 
54        	2548.7349 
55        	2454.9268 
56        	2344.2615 
57        	2621.7505 
58        	2702.974  
59        	2420.632  
60        	2446.769  
61        	2622.515  
62        	2437.9207 
63        	2472.6997 
64        	2521.9287 
65        	2522.7288 
66        	2870.0967 
67        	2652.7034 
68        	2455.471  
69        	2337.6396 
70        	2264.3274 
71        	2330.8323 
72        	2702.5876 
73        	2564.003  
74        	2651.6956 
75        	2468.0198 
76        	2680.984  
77        	2639.9412 
78        	2460.2556 
79        	2334.6487 
80        	2507.69   
81        	2628.7798 
82        	2658.4558 
83        	2408.425  
84        	2750.1746 
85        	2791.4429 
86        	2813.9514 
87        	2659.7056 
88        	2482.4253 
89        	2435.075  
90        	2670.813  
91        	2507.1912 
92        	2500.9268 
93        	2855.574  
94        	2717.9048 
95        	2626.6433 
96        	2821.5288 
97        	2709.2898 
98        	2770.9487 
99        	2931.3953 
100       	2655.7595 
101       	2721.2993 
102       	2835.3767 
103       	2908.3616 
104       	2875.4543 
105       	2985.8914 
106       	2721.1821 
107       	2793.558  
108       	2790.0884 
109       	2690.5417 
110       	2652.1572 
111       	2783.3528 
112       	2740.9917 
113       	2964.5771 
114       	2818.0247 
115       	2858.1555 
116       	2843.5305 
117       	2632.443  
118       	3030.6438 
119       	3102.4097 
120       	2800.257  
121       	2757.1406 
122       	2919.664  
123       	3039.9067 
124       	2832.9202 
125       	2889.0415 
126       	2873.6404 
127       	2879.8933 
128       	2876.9182 
129       	2800.4583 
130       	2914.8896 
131       	2839.2417 
132       	3010.0364 
133       	2702.8115 
134       	2746.7664 
135       	2891.7444 
136       	2906.311  
137       	2972.2358 
138       	2962.8806 
139       	2902.6406 
140       	3079.3752 
141       	2908.4346 
142       	2997.6365 
143       	3066.499  
144       	3074.9136 
145       	3038.6768 
146       	3071.0654 
147       	3001.2769 
148       	3208.8254 
149       	3222.2195 
150       	3288.487  
151       	2963.2476 
152       	2956.0017 
153       	3014.6885 
154       	2976.409  
155       	3080.993  
156       	3434.391  
157       	3341.2808 
158       	3406.2427 
159       	3118.5562 
160       	3543.4207 
161       	3280.698  
162       	3179.978  
163       	3352.015  
164       	3448.5356 
165       	3321.5688 
166       	3233.472  
167       	3319.7915 
168       	3363.5247 
169       	3379.1274 
170       	3457.446  
171       	3404.3748 
172       	3140.909  
173       	3602.2463 
174       	3487.801  
175       	3584.5315 
176       	3645.7258 
177       	3670.6797 
178       	3402.917  
179       	3461.1013 
180       	3448.0466 
181       	3486.819  
182       	3869.5415 
183       	3838.5464 
184       	3743.5015 
185       	3710.1453 
186       	3690.8428 
187       	3656.2515 
188       	3711.7354 
189       	3790.9119 
190       	3755.9531 
191       	3883.66   
192       	3936.6882 
193       	3787.224  
194       	3632.393  
195       	3787.0251 
196       	3693.6787 
197       	3952.4973 
198       	3823.3208 
199       	3625.1125 
