Training RL model
Loading MuJoCo model: models/physics/genghis.xml into the simulation environment
Simulation environment initialised
Using connected brain policy
Training on cuda
Using PPO
200 trajectories
15 episodes per trajectory
10 epochs per training batch
Trajectory	Reward    
0         	1866.1925 
1         	2091.1235 
2         	2004.8947 
3         	2137.8047 
4         	2131.6873 
5         	2127.007  
6         	2289.6006 
7         	2170.6873 
8         	2424.9207 
9         	2220.753  
10        	2212.1157 
11        	2086.023  
12        	2251.5051 
13        	2135.941  
14        	2231.87   
15        	2198.9314 
16        	2356.9563 
17        	2301.594  
18        	2321.715  
19        	2303.1377 
20        	2378.3667 
21        	2137.2673 
22        	2486.79   
23        	2458.8074 
24        	2366.37   
25        	2496.4148 
26        	2347.9949 
27        	2260.074  
28        	2405.0637 
29        	2594.0679 
30        	2199.8293 
31        	2506.247  
32        	2260.0076 
33        	2430.3005 
34        	2458.068  
35        	2441.1597 
36        	2675.9253 
37        	2393.7053 
38        	2547.4229 
39        	2519.5256 
40        	2395.1006 
41        	2281.0095 
42        	2112.3462 
43        	2614.266  
44        	2432.4146 
45        	2466.7961 
46        	2527.7644 
47        	2648.7935 
48        	2581.538  
49        	2459.478  
50        	2471.1758 
51        	2725.1018 
52        	2582.5588 
53        	2516.0012 
54        	2511.4805 
55        	2415.8567 
56        	2477.4426 
57        	2567.3506 
58        	2503.405  
59        	2730.4128 
60        	2729.715  
61        	2324.898  
62        	2708.8425 
63        	2462.9597 
64        	2735.6228 
65        	2617.2354 
66        	2607.1316 
67        	2721.9006 
68        	2676.6423 
69        	2778.3518 
70        	2547.155  
71        	2730.5513 
72        	2693.065  
73        	2528.475  
74        	2915.456  
75        	2774.6067 
76        	2598.6177 
77        	2900.2175 
78        	2712.7837 
79        	2686.285  
80        	2714.788  
81        	2735.4805 
82        	2805.4456 
83        	2738.7458 
84        	2510.2021 
85        	2782.9573 
86        	2685.4944 
87        	2895.1555 
88        	2753.8792 
89        	2931.8743 
90        	2688.4448 
91        	2787.0737 
92        	3023.4788 
93        	2888.9607 
94        	2847.9048 
95        	2828.7393 
96        	2933.612  
97        	3002.8792 
98        	2767.1345 
99        	2880.3928 
100       	2647.978  
101       	2920.6648 
102       	3211.88   
103       	2873.7727 
104       	3006.2126 
105       	2992.2153 
106       	2827.0952 
107       	2762.8745 
108       	2757.477  
109       	2841.24   
110       	3164.995  
111       	2996.6218 
112       	3052.869  
113       	3070.9834 
114       	3198.4407 
115       	2843.9805 
116       	2999.1997 
117       	3293.714  
118       	2831.5042 
119       	2870.501  
120       	2953.6301 
121       	3019.596  
122       	2930.9485 
123       	2809.7373 
124       	3173.9514 
125       	2982.489  
126       	2870.065  
127       	3317.6257 
128       	3201.7522 
129       	2918.7998 
130       	3021.936  
131       	3078.0256 
132       	3234.5623 
133       	3036.5557 
134       	3138.2493 
135       	3219.8054 
136       	2998.9531 
137       	2941.8787 
138       	3033.7375 
139       	2961.1875 
140       	3039.0752 
141       	2962.3088 
142       	2948.5457 
143       	3150.945  
144       	3050.783  
145       	2962.6194 
146       	3108.0337 
147       	3207.9617 
148       	2975.1985 
149       	2939.8213 
150       	3018.801  
151       	3457.0698 
152       	3327.637  
153       	3258.6162 
154       	3192.9421 
155       	3367.6084 
156       	3300.3298 
157       	3191.4062 
158       	3357.4854 
159       	3083.5662 
160       	3205.5928 
161       	3355.929  
162       	3184.3403 
163       	3496.1372 
164       	3169.114  
165       	3369.4463 
166       	3396.0618 
167       	3272.8115 
168       	3437.1335 
169       	3517.0974 
170       	3466.1357 
171       	3256.3213 
172       	3486.403  
173       	3508.6858 
174       	3260.5742 
175       	3434.2458 
176       	3227.7002 
177       	3378.2756 
178       	3556.0906 
179       	3350.407  
180       	3226.746  
181       	3497.3306 
182       	3182.2815 
183       	3599.5876 
184       	3574.492  
185       	3468.5498 
186       	3382.4805 
187       	3683.4163 
188       	3659.918  
189       	3699.306  
190       	3307.99   
191       	3532.0784 
192       	3524.9749 
193       	3763.3376 
194       	3721.7336 
195       	3723.5366 
196       	3642.0027 
197       	3611.091  
198       	3600.3687 
199       	3874.5159 
