Training RL model
Loading MuJoCo model: models/physics/genghis.xml into the simulation environment
Simulation environment initialised
Using connected brain policy
Training on cuda
Using PPO
200 trajectories
15 episodes per trajectory
10 epochs per training batch
Trajectory	Reward    
0         	2047.506  
1         	2351.4954 
2         	2399.359  
3         	2299.5383 
4         	2024.4786 
5         	2292.2415 
6         	2213.9077 
7         	2356.3196 
8         	2145.108  
9         	2205.9187 
10        	2128.893  
11        	2128.2175 
12        	2319.7117 
13        	2475.2463 
14        	2366.2039 
15        	2122.0715 
16        	2089.3374 
17        	2156.5986 
18        	2334.931  
19        	2550.472  
20        	2230.156  
21        	2292.674  
22        	2351.0703 
23        	2167.0615 
24        	2154.7275 
25        	2351.5562 
26        	2281.262  
27        	2370.3682 
28        	2394.1743 
29        	2268.119  
30        	2437.8962 
31        	2441.01   
32        	2296.661  
33        	2270.189  
34        	2354.073  
35        	2392.2197 
36        	2286.8171 
37        	2292.3994 
38        	2296.2258 
39        	2319.1252 
40        	2343.8079 
41        	2670.37   
42        	2320.7317 
43        	2506.5073 
44        	2373.2825 
45        	2259.976  
46        	2397.682  
47        	2481.7302 
48        	2646.3835 
49        	2419.6753 
50        	2541.7463 
51        	2355.8657 
52        	2443.2986 
53        	2316.629  
54        	2330.9526 
55        	2500.6943 
56        	2384.2083 
57        	2769.132  
58        	2539.6453 
59        	2582.9915 
60        	2685.0266 
61        	2885.64   
62        	2466.7043 
63        	2433.7866 
64        	2625.598  
65        	2621.0315 
66        	2460.534  
67        	2569.379  
68        	2583.55   
69        	2560.0757 
70        	2726.468  
71        	2411.2744 
72        	2390.3228 
73        	2516.332  
74        	2733.8296 
75        	2621.488  
76        	2718.66   
77        	2601.1165 
78        	2506.391  
79        	2578.7659 
80        	2560.8164 
81        	2514.12   
82        	2663.5713 
83        	2695.689  
84        	2696.9873 
85        	2581.923  
86        	2635.1077 
87        	2488.3953 
88        	2736.0066 
89        	2865.2476 
90        	2676.6963 
91        	2819.362  
92        	2797.8645 
93        	3023.0737 
94        	2659.8455 
95        	2957.5742 
96        	2792.046  
97        	2855.1045 
98        	2677.5984 
99        	2662.9734 
100       	2967.9636 
101       	2955.5476 
102       	2759.9292 
103       	2865.731  
104       	2880.847  
105       	2945.0193 
106       	3025.3254 
107       	2580.2969 
108       	2997.4302 
109       	2936.0103 
110       	2778.0078 
111       	2913.9666 
112       	3198.8237 
113       	3161.557  
114       	3157.9834 
115       	3009.0    
116       	3187.7744 
117       	2883.5703 
118       	2936.0244 
119       	2897.3928 
120       	2926.9968 
121       	3063.9226 
122       	2998.9526 
123       	3280.8984 
124       	3067.0396 
125       	3106.312  
126       	3106.2805 
127       	3074.979  
128       	2962.2056 
129       	3133.0454 
130       	3045.016  
131       	3146.092  
132       	3153.2878 
133       	3324.003  
134       	3096.1704 
135       	3197.2996 
136       	3039.2979 
137       	3083.4617 
138       	3156.5793 
139       	3360.1257 
140       	3291.922  
141       	3133.0864 
142       	3191.3193 
143       	3002.681  
144       	3284.639  
145       	3021.2422 
146       	3400.7708 
147       	3161.4917 
148       	3325.3152 
149       	3468.8372 
150       	3095.1235 
151       	3161.1506 
152       	3101.3542 
153       	3448.1616 
154       	3391.5276 
155       	3367.341  
156       	3393.3916 
157       	3585.7266 
158       	3353.364  
159       	3138.7856 
160       	3595.1494 
161       	3425.2856 
162       	3577.8875 
163       	3374.5234 
164       	3456.7583 
165       	3204.4895 
166       	3560.068  
167       	3131.6167 
168       	3468.4414 
169       	3655.7703 
170       	3764.049  
171       	3608.247  
172       	3572.133  
173       	3585.923  
174       	3756.7212 
175       	3369.0693 
176       	3490.968  
177       	3748.598  
178       	3738.6172 
179       	3638.8179 
180       	4000.6716 
181       	3594.1704 
182       	3628.7424 
183       	3692.862  
184       	3449.0415 
185       	3934.5496 
186       	3709.2417 
187       	3716.9673 
188       	3722.3713 
189       	3964.1086 
190       	3842.8132 
191       	3834.9924 
192       	3877.9475 
193       	3632.347  
194       	3770.4243 
195       	3596.4822 
196       	3858.7493 
197       	3874.3064 
198       	4067.1545 
199       	3939.2332 
