Training RL model
Loading MuJoCo model: models/physics/genghis.xml into the simulation environment
Simulation environment initialised
Using connected brain policy
Training on cuda
Using PPO
200 trajectories
15 episodes per trajectory
10 epochs per training batch
Trajectory	Reward    
0         	1869.7544 
1         	2259.5674 
2         	1946.889  
3         	2107.2478 
4         	2111.4294 
5         	2018.4883 
6         	2102.3455 
7         	2200.5413 
8         	2279.8645 
9         	2058.694  
10        	2350.79   
11        	2174.8352 
12        	2303.636  
13        	2271.833  
14        	2081.2378 
15        	2378.9636 
16        	2308.2722 
17        	2170.5234 
18        	2214.4634 
19        	2217.668  
20        	2238.5945 
21        	2378.0298 
22        	2442.0857 
23        	2258.04   
24        	2259.0564 
25        	2377.2915 
26        	2347.7551 
27        	2460.2734 
28        	2258.1475 
29        	2363.9492 
30        	2269.4595 
31        	2400.637  
32        	2446.1458 
33        	2211.0977 
34        	2311.197  
35        	2604.0977 
36        	2282.0476 
37        	2412.22   
38        	2461.7312 
39        	2359.2935 
40        	2358.2202 
41        	2621.9478 
42        	2529.4094 
43        	2394.5925 
44        	2274.0667 
45        	2456.4402 
46        	2401.4282 
47        	2470.317  
48        	2302.5486 
49        	2603.1155 
50        	2420.9282 
51        	2370.0066 
52        	2563.4097 
53        	2518.726  
54        	2455.3635 
55        	2344.6597 
56        	2345.5872 
57        	2697.711  
58        	2343.9465 
59        	2527.6782 
60        	2627.8179 
61        	2445.5327 
62        	2514.1453 
63        	2565.3958 
64        	2445.5771 
65        	2584.0532 
66        	2844.2004 
67        	2514.674  
68        	2600.0842 
69        	2566.9543 
70        	2521.0615 
71        	2524.9307 
72        	2688.2185 
73        	2542.2424 
74        	2563.5981 
75        	2723.8215 
76        	2715.5513 
77        	2545.0698 
78        	2558.2146 
79        	2547.8699 
80        	2490.303  
81        	2496.2795 
82        	2625.3796 
83        	2702.6458 
84        	2818.3801 
85        	2539.665  
86        	2608.8342 
87        	2882.0146 
88        	2673.898  
89        	2493.4502 
90        	2411.0486 
91        	2232.5085 
92        	2603.7007 
93        	2890.8423 
94        	2605.8354 
95        	2633.1492 
96        	2660.613  
97        	2760.779  
98        	2996.0757 
99        	2795.1104 
100       	2415.6653 
101       	2674.0266 
102       	2987.071  
103       	2655.6067 
104       	2907.285  
105       	2654.9998 
106       	2859.7693 
107       	2971.6719 
108       	2723.9675 
109       	3004.598  
110       	3040.9885 
111       	2716.57   
112       	2789.6846 
113       	2918.4365 
114       	3184.678  
115       	2972.0718 
116       	3163.1743 
117       	2917.763  
118       	2921.836  
119       	3217.775  
120       	3192.147  
121       	3026.9556 
122       	3224.474  
123       	3069.2908 
124       	3093.0713 
125       	3122.9146 
126       	3232.819  
127       	2989.1138 
128       	3344.8972 
129       	3281.335  
130       	3174.6514 
131       	3275.4968 
132       	3178.6306 
133       	3236.7578 
134       	3101.5754 
135       	3171.71   
136       	3248.9636 
137       	3242.5027 
138       	3234.0063 
139       	2974.765  
140       	3188.1821 
141       	2993.816  
142       	3261.5427 
143       	3460.8914 
144       	3203.388  
145       	3073.0671 
146       	3207.4731 
147       	3389.842  
148       	3433.6963 
149       	3330.561  
150       	3405.341  
151       	3142.8464 
152       	3186.958  
153       	3235.3594 
154       	3240.8567 
155       	3344.3594 
156       	3501.9436 
157       	3424.7039 
158       	3532.0803 
159       	3633.5408 
160       	3754.773  
161       	3290.7742 
162       	3606.7087 
163       	3682.0315 
164       	3777.136  
165       	3460.7004 
166       	3471.6714 
167       	3724.9946 
168       	3470.0522 
169       	3826.453  
170       	3630.4954 
171       	3763.3203 
172       	3640.9375 
173       	3843.9905 
174       	3969.7778 
175       	3954.6409 
176       	3849.5806 
177       	3505.5115 
178       	4280.4585 
179       	3987.2756 
180       	4010.4521 
181       	4086.1787 
182       	3967.0894 
183       	3809.8494 
184       	3812.384  
185       	4029.5889 
186       	3868.9463 
187       	4062.7405 
188       	4124.517  
189       	3841.829  
190       	4107.264  
191       	3796.872  
192       	4133.1084 
193       	3713.7073 
194       	3789.0378 
195       	4117.342  
196       	4055.004  
197       	4142.203  
198       	4348.037  
199       	4344.485  
