Training RL model
Loading MuJoCo model: models/physics/genghis.xml into the simulation environment
Simulation environment initialised
Using split brain policy
Training on cuda
Using PPO
200 trajectories
15 episodes per trajectory
10 epochs per training batch
Trajectory	Reward    
0         	2233.6455 
1         	2107.899  
2         	2217.8591 
3         	2224.32   
4         	2091.4338 
5         	2257.0222 
6         	2250.251  
7         	2396.077  
8         	2290.5364 
9         	2370.4172 
10        	2395.0105 
11        	2197.754  
12        	2375.1877 
13        	2227.0754 
14        	2377.5012 
15        	2386.4285 
16        	2270.9636 
17        	2339.7966 
18        	2421.3738 
19        	2128.6628 
20        	2318.2588 
21        	2287.4258 
22        	2441.899  
23        	2501.1658 
24        	2115.4172 
25        	2263.974  
26        	2341.568  
27        	2356.5225 
28        	2282.347  
29        	2268.63   
30        	2539.382  
31        	2272.1414 
32        	2398.3198 
33        	2399.4685 
34        	2459.074  
35        	2245.4634 
36        	2195.3289 
37        	2227.882  
38        	2181.917  
39        	2439.165  
40        	2309.883  
41        	2589.796  
42        	2550.8862 
43        	2266.0828 
44        	2432.4717 
45        	2340.0002 
46        	2453.0786 
47        	2502.435  
48        	2462.0815 
49        	2598.8103 
50        	2109.3506 
51        	2244.0796 
52        	2659.9722 
53        	2565.111  
54        	2327.9778 
55        	2526.538  
56        	2668.7805 
57        	2470.7344 
58        	2399.6138 
59        	2723.6782 
60        	2482.7617 
61        	2777.2642 
62        	2577.3782 
63        	2504.351  
64        	2450.0315 
65        	2475.9453 
66        	2591.401  
67        	2797.5151 
68        	2772.1606 
69        	2591.818  
70        	2603.043  
71        	2829.5903 
72        	2718.9126 
73        	2697.8667 
74        	2650.5405 
75        	2575.4087 
76        	2770.941  
77        	2815.0984 
78        	2687.9973 
79        	2928.5745 
80        	2720.4468 
81        	2717.7932 
82        	3026.292  
83        	2654.12   
84        	2833.1665 
85        	2938.104  
86        	2959.1128 
87        	2712.0776 
88        	2736.0615 
89        	2741.0208 
90        	2856.8638 
91        	2787.3494 
92        	2921.4207 
93        	3053.5408 
94        	2838.7903 
95        	2618.2822 
96        	2831.3135 
97        	3079.7693 
98        	3125.1052 
99        	3084.5532 
100       	2721.2864 
101       	2840.9502 
102       	3063.9155 
103       	3111.9849 
104       	2692.9553 
105       	2934.0374 
106       	2858.3347 
107       	2799.702  
108       	2946.2146 
109       	2914.5781 
110       	3149.3428 
111       	3021.3093 
112       	2941.6365 
113       	2812.8096 
114       	2752.415  
115       	2888.5383 
116       	3286.9966 
117       	3140.7659 
118       	3269.5073 
119       	3278.5066 
120       	3023.6865 
121       	2944.4631 
122       	3097.2673 
123       	3258.9143 
124       	3085.5903 
125       	3075.2705 
126       	3100.674  
127       	3131.697  
128       	3205.9812 
129       	3090.1104 
130       	3319.7444 
131       	3081.8604 
132       	3466.47   
133       	3079.914  
134       	2942.9573 
135       	3418.0535 
136       	3367.3953 
137       	3625.6768 
138       	3635.2644 
139       	3669.5244 
140       	3798.653  
141       	3621.6484 
142       	3466.241  
143       	3910.1448 
144       	3547.0955 
145       	3497.2437 
146       	3552.2878 
147       	3253.8748 
148       	3581.5193 
149       	3894.8071 
150       	3412.0935 
151       	3896.0962 
152       	3652.9646 
153       	3728.7407 
154       	3718.6187 
155       	3934.1333 
156       	3719.3582 
157       	4112.5073 
158       	4286.042  
159       	4009.0632 
160       	4038.1135 
161       	3942.0325 
162       	4026.8425 
163       	4194.7695 
164       	3864.1326 
165       	4019.3103 
166       	4085.4058 
167       	4173.632  
168       	3856.8044 
169       	4181.7    
170       	3907.8992 
171       	3966.2908 
172       	3902.513  
173       	4102.596  
174       	4239.419  
175       	4228.597  
176       	3932.0005 
177       	3727.949  
178       	4318.384  
179       	3774.2354 
180       	3956.0564 
181       	4334.8467 
182       	4017.736  
183       	4269.231  
184       	4267.7837 
185       	4017.234  
186       	4077.1687 
187       	3940.46   
188       	4138.5215 
189       	4289.4204 
190       	4003.827  
191       	4231.476  
192       	4459.0923 
193       	4067.4067 
194       	4406.689  
195       	4048.1401 
196       	4322.8    
197       	4166.4546 
198       	4284.506  
199       	3910.9084
