Training RL model
Loading MuJoCo model: models/physics/genghis.xml into the simulation environment
Simulation environment initialised
Using split brain policy
Training on cuda
Using PPO
200 trajectories
15 episodes per trajectory
10 epochs per training batch
Trajectory	Reward    
0         	2130.1587 
1         	1956.7365 
2         	1959.5393 
3         	2051.905  
4         	2138.5916 
5         	2360.9412 
6         	2289.5112 
7         	1917.8461 
8         	2169.2705 
9         	2076.1448 
10        	2250.6448 
11        	2268.8743 
12        	2267.924  
13        	2182.8176 
14        	2229.2668 
15        	2472.4846 
16        	2236.642  
17        	2325.54   
18        	2564.8296 
19        	2203.462  
20        	2177.902  
21        	2069.8647 
22        	2410.0764 
23        	2204.201  
24        	2222.7944 
25        	2239.0251 
26        	2417.9414 
27        	2329.4685 
28        	2269.033  
29        	2120.182  
30        	2511.1099 
31        	2768.1145 
32        	2235.074  
33        	2372.053  
34        	2431.1782 
35        	2490.881  
36        	2362.2092 
37        	2375.314  
38        	2323.8774 
39        	2239.6833 
40        	2433.3696 
41        	2342.6353 
42        	2426.5432 
43        	2298.134  
44        	2665.1335 
45        	2474.765  
46        	2202.9075 
47        	2698.943  
48        	2631.0002 
49        	2598.5437 
50        	2255.7156 
51        	2357.3638 
52        	2654.7783 
53        	2499.108  
54        	2558.2942 
55        	2337.2185 
56        	2407.892  
57        	2580.382  
58        	2553.1587 
59        	2500.0068 
60        	2400.731  
61        	2514.9849 
62        	2532.4731 
63        	2761.5896 
64        	2322.7795 
65        	2613.8777 
66        	2650.0208 
67        	2614.605  
68        	2416.5227 
69        	2508.177  
70        	2370.0134 
71        	2403.9897 
72        	2578.9167 
73        	2660.15   
74        	2786.9934 
75        	2792.1143 
76        	2642.2002 
77        	2783.809  
78        	2754.5964 
79        	2883.513  
80        	2764.3462 
81        	2930.886  
82        	2591.6003 
83        	2736.652  
84        	2522.9226 
85        	2757.1768 
86        	2740.3462 
87        	3084.3057 
88        	2695.408  
89        	3225.7417 
90        	2981.7    
91        	2601.3552 
92        	2804.7595 
93        	2926.8445 
94        	2923.5112 
95        	2942.7866 
96        	2706.924  
97        	2820.2783 
98        	2835.9382 
99        	3012.1958 
100       	2853.811  
101       	3113.5073 
102       	2978.74   
103       	3235.5122 
104       	3030.473  
105       	2956.2288 
106       	3250.5757 
107       	2878.2422 
108       	3151.383  
109       	3159.6382 
110       	2889.9153 
111       	3196.8625 
112       	3052.9617 
113       	3210.217  
114       	2998.9243 
115       	2995.5146 
116       	3138.9658 
117       	3131.2068 
118       	3270.9097 
119       	3076.2878 
120       	3066.1848 
121       	3191.9946 
122       	3134.4272 
123       	3237.9993 
124       	3162.1365 
125       	3197.1587 
126       	3044.7095 
127       	3032.433  
128       	3203.1094 
129       	3242.7915 
130       	3309.9136 
131       	3192.0007 
132       	3320.043  
133       	3286.2136 
134       	3463.3276 
135       	3297.1924 
136       	3293.1565 
137       	3286.66   
138       	3322.0654 
139       	3529.2388 
140       	3316.9602 
141       	3510.292  
142       	3395.0298 
143       	3541.4084 
144       	3658.7952 
145       	3386.479  
146       	3567.8389 
147       	3289.1907 
148       	3600.8796 
149       	3575.6614 
150       	3639.9412 
151       	3729.0757 
152       	3593.742  
153       	3610.255  
154       	3651.8884 
155       	3656.975  
156       	3953.4182 
157       	3613.302  
158       	3888.863  
159       	3553.4067 
160       	3836.6162 
161       	3725.1714 
162       	4175.387  
163       	3846.8552 
164       	3951.2568 
165       	3719.535  
166       	3791.892  
167       	3943.3513 
168       	4056.3826 
169       	4157.252  
170       	4117.8613 
171       	3859.3704 
172       	4066.3386 
173       	4057.8516 
174       	4270.215  
175       	3987.3154 
176       	4031.6306 
