Training RL model
Loading MuJoCo model: models/physics/genghis.xml into the simulation environment
Simulation environment initialised
Using split brain policy
Training on cuda
Using PPO
200 trajectories
15 episodes per trajectory
10 epochs per training batch
Trajectory	Reward    
0         	1704.3281 
1         	1571.0712 
2         	1826.9706 
3         	1680.9015 
4         	2059.9563 
5         	2049.5813 
6         	2093.7954 
7         	2147.8997 
8         	2097.9478 
9         	2039.4392 
10        	2292.641  
11        	2182.6409 
12        	2402.4536 
13        	2130.8064 
14        	2286.9202 
15        	2148.365  
16        	2077.6572 
17        	2258.8604 
18        	2164.6357 
19        	2080.6096 
20        	2351.1355 
21        	2336.6958 
22        	2153.6733 
23        	2370.6492 
24        	2270.6826 
25        	2435.0085 
26        	2365.4307 
27        	2378.8174 
28        	2498.427  
29        	2224.3975 
30        	2533.7068 
31        	2416.307  
32        	2494.5596 
33        	2405.507  
34        	2354.1838 
35        	2334.4646 
36        	2424.0837 
37        	2346.4827 
38        	2528.0852 
39        	2604.1575 
40        	2479.7483 
41        	2504.3684 
42        	2482.1033 
43        	2556.0947 
44        	2592.415  
45        	2301.631  
46        	2583.5222 
47        	2532.6748 
48        	2748.1978 
49        	2763.0828 
50        	2521.2698 
51        	2549.9592 
52        	2409.025  
53        	2750.819  
54        	2509.822  
55        	2435.5696 
56        	2561.185  
57        	2548.4348 
58        	2802.0786 
59        	2779.35   
60        	2768.5598 
61        	2690.214  
62        	2511.0916 
63        	2597.2053 
64        	2672.5376 
65        	2777.5002 
66        	2503.3115 
67        	2863.6548 
68        	2639.6846 
69        	2786.2388 
70        	2863.0464 
71        	2595.675  
72        	2714.6091 
73        	2747.7454 
74        	2836.5938 
75        	2512.724  
76        	2574.3003 
77        	2759.5327 
78        	2742.7996 
79        	2484.854  
80        	2895.6545 
81        	2648.3157 
82        	2749.8352 
83        	2691.1335 
84        	3027.9077 
85        	2758.2725 
86        	2704.673  
87        	2616.0908 
88        	2818.9856 
89        	2782.8845 
90        	2845.485  
91        	2837.214  
92        	2776.1025 
93        	3084.1382 
94        	2853.4377 
95        	2974.2063 
96        	3100.4822 
97        	2954.9023 
98        	2872.5588 
99        	2772.0647 
100       	3093.918  
101       	2838.5415 
102       	2883.2043 
103       	2794.6606 
104       	2974.925  
105       	3201.2766 
106       	2986.499  
107       	3074.4946 
108       	3056.9683 
109       	3197.3042 
110       	3093.85   
111       	3198.223  
112       	3177.7876 
113       	3033.7964 
114       	3385.452  
115       	3128.8494 
116       	3255.5469 
117       	3108.0078 
118       	3119.2415 
119       	3422.7917 
120       	3163.5078 
121       	3069.6423 
122       	3276.1272 
123       	3402.443  
124       	3050.2397 
125       	3308.9883 
126       	3424.602  
127       	3382.118  
128       	3192.6538 
129       	3530.93   
130       	3311.9304 
131       	3246.5396 
132       	3461.6125 
133       	3284.1409 
134       	3300.8726 
135       	3200.7847 
136       	3249.7139 
137       	3617.6045 
138       	3576.3367 
139       	3394.6436 
140       	3394.3516 
141       	3519.044  
142       	3451.4358 
143       	3693.3254 
144       	3672.0728 
145       	3500.0525 
146       	3338.3745 
147       	3739.6204 
148       	3634.7153 
149       	3690.2249 
150       	3660.5117 
151       	3745.1057 
152       	3679.2805 
153       	3786.492  
154       	3637.8276 
155       	3656.01   
156       	3875.669  
157       	3722.4539 
158       	3739.3972 
159       	3412.3994 
160       	3668.9983 
161       	3779.0173 
162       	3853.7146 
163       	3904.2979 
164       	3811.366  
165       	4127.8145 
166       	3839.9167 
167       	4029.1143 
168       	3907.628  
169       	4026.0073 
170       	3870.5432 
171       	3784.7917 
172       	4081.0903 
173       	3955.665  
174       	4123.8403 
175       	3992.1833 
176       	3889.74   
177       	3918.6736 
178       	4097.567  
179       	4300.054  
180       	4250.722  
181       	4034.276  
182       	4199.355  
183       	4434.0454 
184       	3969.4968 
185       	4327.763  
186       	4190.9077 
187       	4012.9172 
188       	4468.472  
189       	4335.975  
190       	4375.909  
191       	4515.516  
192       	4334.639  
193       	4210.429  
194       	4044.8354 
195       	4333.3276 
196       	4158.6255 
197       	4282.4155 
198       	4074.5613 
199       	4014.8623
