Training RL model
Loading MuJoCo model: models/physics/genghis.xml into the simulation environment
Simulation environment initialised
Using split brain policy
Training on cuda
Using PPO
200 trajectories
15 episodes per trajectory
10 epochs per training batch
Trajectory	Reward    
0         	1567.6707 
1         	1833.4219 
2         	1808.4535 
3         	2096.5728 
4         	2237.5923 
5         	2180.065  
6         	2490.054  
7         	2302.6455 
8         	2185.5027 
9         	2242.4504 
10        	2089.4373 
11        	2237.026  
12        	2164.1274 
13        	2109.179  
14        	2295.3533 
15        	2106.5522 
16        	2354.0671 
17        	2331.362  
18        	2268.97   
19        	2338.1006 
20        	2367.0872 
21        	2316.991  
22        	2480.725  
23        	2441.6194 
24        	2367.395  
25        	2442.742  
26        	2536.7974 
27        	2365.2822 
28        	2314.8093 
29        	2330.971  
30        	2320.7646 
31        	2389.4849 
32        	2603.0186 
33        	2434.8108 
34        	2331.15   
35        	2467.5422 
36        	2516.2986 
37        	2479.5825 
38        	2495.9219 
39        	2467.3772 
40        	2552.6528 
41        	2381.0818 
42        	2556.7947 
43        	2459.5693 
44        	2340.297  
45        	2365.5874 
46        	2543.6746 
47        	2520.3472 
48        	2552.8044 
49        	2641.556  
50        	2798.7876 
51        	2555.4336 
52        	2580.9114 
53        	2558.8906 
54        	2489.5872 
55        	2510.4363 
56        	2443.0889 
57        	2380.0923 
58        	2612.9832 
59        	2444.1655 
60        	2593.965  
61        	2466.495  
62        	2638.454  
63        	2629.8594 
64        	2668.6953 
65        	2456.5085 
66        	2588.089  
67        	2625.1082 
68        	2592.6692 
69        	2572.0994 
70        	2645.303  
71        	2800.4177 
72        	2736.576  
73        	2664.6394 
74        	2631.7578 
75        	2714.765  
76        	2442.2383 
77        	2652.7666 
78        	2996.0032 
79        	2759.721  
80        	2646.1687 
81        	2531.604  
82        	2681.263  
83        	2882.5076 
84        	2877.5486 
85        	2716.5295 
86        	2538.3833 
87        	2714.1963 
88        	2884.4526 
89        	2876.413  
90        	2827.5183 
91        	2642.735  
92        	2669.8872 
93        	2794.8745 
94        	2891.9321 
95        	2798.0056 
96        	2726.236  
97        	2696.2224 
98        	3040.6638 
99        	2909.7214 
100       	2825.9817 
101       	2965.5896 
102       	3106.2546 
103       	3034.4597 
104       	2936.9514 
105       	2921.655  
106       	2935.4822 
107       	2770.302  
108       	3043.095  
109       	2900.7122 
110       	2899.006  
111       	3033.7068 
112       	2876.8616 
113       	2975.9138 
114       	3036.3826 
115       	2957.051  
116       	2907.4897 
117       	3200.2368 
118       	2881.4546 
119       	3370.819  
120       	3018.5308 
121       	3150.121  
122       	3103.551  
123       	2922.0845 
124       	3193.211  
125       	3132.7463 
126       	3170.3254 
127       	3047.3748 
128       	3352.4917 
129       	3155.8115 
130       	3035.2686 
131       	3182.8018 
132       	2999.1218 
133       	3245.9626 
134       	3136.0417 
135       	3206.3936 
136       	3016.3955 
137       	3473.8555 
138       	3131.173  
139       	3464.4253 
140       	3256.1116 
141       	3383.828  
142       	3266.3203 
143       	3437.339  
144       	3342.491  
145       	3376.6748 
146       	3296.9927 
147       	3458.0276 
148       	3321.766  
149       	3357.95   
150       	3094.1094 
151       	3475.9688 
152       	3533.5244 
153       	3325.0386 
154       	3232.4492 
155       	3578.562  
156       	3495.8076 
157       	3588.7576 
158       	3601.8267 
159       	3534.5103 
160       	3625.139  
161       	3624.653  
162       	3767.1245 
163       	3775.035  
164       	3735.605  
165       	3570.685  
166       	3921.4448 
167       	3648.341  
168       	3938.9468 
169       	3811.6414 
170       	3902.3677 
171       	3809.0522 
172       	3905.6672 
173       	4002.3127 
174       	3897.8616 
175       	3799.7432 
176       	3869.3586 
177       	4146.45   
178       	3985.2957 
179       	3891.1338 
180       	4135.2197 
181       	4173.464  
182       	3965.28   
183       	4167.442  
184       	4077.4578 
185       	4158.5513 
186       	3993.4688 
187       	4225.5957 
188       	4239.3213 
189       	4167.676  
190       	4001.8115 
191       	4027.6592 
192       	4338.8223 
193       	4307.4487 
194       	4518.413  
195       	4290.196  
196       	4142.1123 
197       	4342.218  
198       	4127.6274 
199       	4217.3755 
