Training RL model
Loading MuJoCo model: models/physics/genghis.xml into the simulation environment
Simulation environment initialised
Using split brain policy
Training on cuda
Using PPO
200 trajectories
15 episodes per trajectory
10 epochs per training batch
Trajectory	Reward    
0         	1784.6051 
1         	1537.8267 
2         	1771.8635 
3         	1788.015  
4         	2136.1216 
5         	1958.4332 
6         	1935.3586 
7         	2314.3513 
8         	2235.9246 
9         	1987.7083 
10        	2337.165  
11        	2041.2812 
12        	2161.947  
13        	2130.7673 
14        	2017.4019 
15        	2018.6838 
16        	2176.464  
17        	2277.5173 
18        	2080.226  
19        	2089.6565 
20        	2283.0952 
21        	2153.313  
22        	2332.2776 
23        	2132.4016 
24        	2177.934  
25        	2400.6265 
26        	2106.1084 
27        	2167.946  
28        	2265.6682 
29        	2224.3157 
30        	2166.194  
31        	2252.4224 
32        	2308.574  
33        	2251.1484 
34        	2356.8625 
35        	2463.4578 
36        	2251.4275 
37        	2163.3508 
38        	2174.096  
39        	2320.7808 
40        	2196.4165 
41        	2637.848  
42        	2147.7844 
43        	2254.2563 
44        	2448.4368 
45        	2361.4375 
46        	2413.4634 
47        	2232.1763 
48        	2251.9573 
49        	2394.9097 
50        	2414.685  
51        	2551.7712 
52        	2371.9321 
53        	2324.426  
54        	2275.6292 
55        	2231.739  
56        	2591.3364 
57        	2355.8318 
58        	2558.0764 
59        	2266.5872 
60        	2508.5928 
61        	2119.6902 
62        	2462.9397 
63        	2519.9348 
64        	2345.8474 
65        	2477.9663 
66        	2329.0298 
67        	2513.2705 
68        	2434.3203 
69        	2455.2122 
70        	2469.9753 
71        	2512.076  
72        	2474.4329 
73        	2487.3232 
74        	2492.5576 
75        	2235.5693 
76        	2698.3506 
77        	2581.0237 
78        	2570.9978 
79        	2583.6677 
80        	2485.499  
81        	2637.2917 
82        	2767.0833 
83        	2595.2947 
84        	2486.757  
85        	2724.121  
86        	2500.0083 
87        	2587.781  
88        	2723.8818 
89        	2401.2957 
90        	2602.9739 
91        	2691.961  
92        	2743.8865 
93        	2468.8206 
94        	2303.6262 
95        	2768.307  
96        	2685.1653 
97        	2855.8333 
98        	2549.9438 
99        	2585.5713 
100       	2601.515  
101       	2507.4329 
102       	2600.712  
103       	2686.2437 
104       	2511.7424 
105       	2825.9275 
106       	2739.8313 
107       	2708.3494 
108       	2801.5454 
109       	2682.4233 
110       	2692.235  
111       	2592.3472 
112       	2706.9634 
113       	2598.4731 
114       	2620.6018 
115       	2906.612  
116       	2753.3376 
117       	2631.8318 
118       	2773.2683 
119       	2743.7373 
120       	2808.64   
121       	2652.644  
122       	2496.672  
123       	2773.9202 
124       	2523.1775 
125       	2882.7493 
126       	2580.4812 
127       	2673.6057 
128       	2673.0776 
129       	2894.9358 
130       	3053.3171 
131       	3100.2222 
132       	2958.2334 
133       	2648.4417 
134       	2873.567  
135       	2559.4607 
136       	2941.491  
137       	3000.515  
138       	2909.978  
139       	3097.2437 
140       	2677.0679 
141       	2913.6306 
142       	2554.2043 
143       	3055.0688 
144       	2820.5073 
145       	3050.4143 
146       	3071.72   
147       	3070.6836 
148       	2819.9126 
149       	2908.5125 
150       	3120.6912 
151       	2808.9175 
152       	2906.2888 
153       	3136.824  
154       	2977.721  
155       	3173.211  
156       	2845.2107 
157       	2667.1772 
158       	2926.111  
159       	3102.5168 
160       	3004.6511 
161       	2815.1982 
162       	3010.362  
163       	3060.8484 
164       	3231.1511 
165       	3148.7927 
166       	3091.6235 
167       	2765.5947 
168       	3027.2031 
169       	3094.0378 
170       	3353.137  
171       	3022.5693 
172       	3259.0725 
173       	3209.6357 
174       	3323.035  
175       	3277.8118 
176       	3313.8748 
177       	3253.0063 
178       	3497.3054 
179       	3324.5244 
180       	3254.9194 
181       	3420.802  
182       	3097.275  
183       	3488.965  
184       	3502.3645 
185       	3389.0598 
186       	3631.943  
187       	3629.311  
188       	3381.9072 
189       	3405.2913 
190       	3253.784  
191       	3205.1917 
192       	3091.0981 
193       	3358.5366 
194       	3313.6956 
195       	3274.0542 
196       	3422.4165 
197       	3422.8945 
198       	3418.004  
199       	3377.3022 
